./data/A2_103.wav 1196 124 156 1190 501 1096 501 1096 982 327 374 935 1136 968 614 283 8 645 918 418 181 1008 1097 614 283 842 982 1162 830 619 968 181 1008 1097
./data/A2_108.wav 788 1047 26 370 301 398 370 301 992 418 740 697 353 1083 1048 1047 26 1008 841 1207 1088 841 1083 841 389 903 152 562 1086 385 455
./data/A2_116.wav 397 1090 146 415 1048 422 435 202 328 996 750 1176 492 1095 202 801 1099 189 407 852 1001 1048 1160 987 1099 801 844 1066 782 911 146 279 1157
./data/A2_119.wav 106 1102 930 1160 930 841 1056 755 273 70 778 1149 1036 991 1064 988 415 929 1064 988 1005 1067 743 1064 988 629 335 776 1036 991
./data/A2_167.wav 877 8 645 885 534 884 149 405 597 903 722 1090 687 1045 96 185 398 513 1095 447 1174 1196
./data/A2_206.wav 821 185 903 323 1002 1047 1059 707 185 1083 63 515 1159 31 1180 125 505 578 307 959 327 1087 33 358 988 707 181 435 595 1208 1083
./data/A2_33.wav 1091 966 972 871 711 843 382 103 868 384 213 163 711 1099 1092 407 1180 1013 290 537 140 815 1069 930 1182 272 907 680 181 9 240
./data/A2_58.wav 911 56 843 470 837 756 194 967 100 387 362 1083 194 69 413 887 329 1189 386 1063 887 329 56 776 887 329 194 967 887 329 322 389
./data/A2_85.wav 356 1059 27 1091 1052 1082 765 993 188 744 1067 55 1021 181 1059 27 181 609 744 537 599 552 1091 1052 1082 181 609 744 537 843 1149 843 930 31 408 579
./data/A2_92.wav 406 1052 109 971 959 819 935 1187 1014 775 193 397 843 1069 635 1073 414 959 1187 841 987 1069 578 1095
./data/A4_10.wav 681 1049 161 337 505 1128 1059 1122 576 1180 1099 1156 72 1058 505 1058 1043 849 181 949 759 1066 264 311 29 1190 116 414 505 862 153 206
./data/A4_26.wav 185 149 1101 1105 355 355 1162 1018 1178 489 841 394 1068 415 203 997 1067 133 97 97 181 404 1074 1006 843 181 986 1077 986 1191
./data/A4_4.wav 891 445 446 1064 386 345 830 20 917 181 1048 775 1068 285 1064 521 138 803 250 263 163 389 282 1189 8 990 599 917 387 1030 961 504
./data/A4_48.wav 610 730 629 583 298 1080 1087 583 1066 1097 231 841 720 890 1162 583 1066 1097 841 424 890 1162 583 1066 1048 422 890 720 127
./data/A4_52.wav 749 82 1088 873 1088 791 958 958 756 760 181 1182 884 1148 178 547 1005 1096 127 1048 830
./data/A4_74.wav 460 436 335 460 59 607 69 660 246 1017 1095 966 745 456 467 1200 1048 246 1017 387 631 1204 414 470 790 505 762 917 353 246 1017 1095 335 530
